329 851 845 1569 819 254 317 1586 200 638
1770 261 756 1082 396 546 359 329 927 803
1697 1550 430 1194 1814 1596 107 1544 1891 352
143 37 1136 209 428 727 1034 1555 1265 1860
641 840 1720 1518 923 699 229 681 1337 1767
919 1388 1119 523 614 571 346 1121 1642 751
126 783 683 573 3 1716 1409 1027 1335 1337
1107 623 826 107 642 46 93 846 1115 936
750 1299 79 34 612 1563 1239 1370 1437 1436
1213 1774 527 338 702 912 1242 352 1161 19
1158 234 1384 1696 1465 1597 13 752 942 1883
700 1174 1579 677 984 525 460 913 413 1714
407 1591 1420 510 545 1762 1178 1022 1890 1173
1173 1085 1421 753 583 1241 326 316 1145 1496
730 1886 1553 863 1186 1655 1050 1143 945 78
856 831 1329 1447 57 204 863 1654 629 393
1391 889 269 352 715 1736 1470 49 610 1831
1241 1596 1202 1712 154 824 620 1403 1499 398
92 215 1364 1860 1728 489 1716 1673 1367 353
420 1062 1672 719 318 1238 361 213 145 1640
180 1435 1379 1195 861 932 772 548 500 1851
1275 1470 0 1027 671 1738 51 687 20 574
677 843 207 1283 1637 499 135 1577 1836 1014
145 220 571 1567 16 1028 695 564 507 385
244 1173 279 1511 92 844 700 437 721 1798
1484 666 1330 1105 531 181 749 606 490 1751
906 1479 759 1687 12 772 1103 525 1374 998
263 1821 53 364 1228 498 1561 760 584 1205
1078 1506 1772 1578 441 551 217 1644 92 1434
298 1136 1330 575 1128 759 1337 954 630 300
163 60 497 1019 1155 468 1854 551 287 347
653 57 356 339 101 1562 783 673 1518 1317
669 1358 494 1269 1776 62 1650 1690 1206 1724
556 136 5 1787 1229 972 14 1637 1657 1597
648 633 730 996 805 1349 63 488 1518 1649
499 1498 1837 1448 1653 612 769 1061 296 1586
744 363 146 959 1097 1388 1709 1734 257 952
792 212 141 891 354 501 747 1676 946 788
1296 1252 357 1039 1598 678 850 293 1567 570
208 1797 127 814 642 821 383 1095 512 1370
628 1221 1747 846 1148 1873 1009 1728 1213 924
311 1232 583 702 299 558 1878 1696 1511 947
127 764 1386 471 193 793 627 1190 912 589
675 1597 828 1050 323 582 1749 372 1059 179
1696 366 608 597 797 516 164 1255 189 1707
1871 753 1174 948 265 946 379 468 63 550
1766 380 865 974 1447 631 1097 207 891 535
1472 1731 1662 1010 1764 279 1883 1428 1649 743
823 1649 569 988 723 538 1487 593 1156 931
234 565 991 1489 1128 1850 113 82 1537 1135
23 1140 321 75 353 1343 32 773 223 1084
1083 1458 432 1553 976 531 1595 276 202 1356
1658 1052 1826 1858 1515 1848 1029 1802 1282 631
417 854 1879 1181 1230 1849 877 1421 1624 1605
215 839 1588 1508 257 1058 1103 1583 428 500
696 1767 81 737 287 1092 646 582 783 1589
604 1365 1413 302 1266 1089 555 1280 1288 843
1535 669 703 284 1825 1528 524 206 1882 1469
876 1837 737 560 154 495 897 147 1680 651
1602 615 191 1466 1069 244 1611 973 19 141
1673 1396 1412 1875 1318 228 1357 1775 331 886
1570 424 1702 430 1742 1379 1635 631 792 190
356 1271 245 40 1197 928 244 364 1413 665
1528 900 669 1164 381 661 566 304 1133 237
1046 287 1363 1772 1269 1655 1000 7 687 873
603 1722 316 753 229 469 1076 1043 535 882
117 251 1338 1185 677 1648 23 1691 777 626
445 1375 60 1244 1583 1850 1614 261 192 788
1431 1125 1524 794 1291 1792 439 428 281 1585
159 562 865 1223 1507 920 1580 1713 1763 218
1691 1532 1079 1290 1125 812 766 1680 1886 696
1193 465 794 1268 145 87 1549 675 999 1781
997 1679 740 738 1596 227 1255 1592 366 871
726 39 951 1737 1191 1568 973 289 1091 113
1317 236 1412 1642 496 178 1725 1705 1631 991
1175 423 838 1539 1684 1002 1124 1313 494 896
1229 21 1073 356 31 257 697 87 93 78
1507 520 1390 208 118 1749 532 807 773 877
1370 715 691 1114 792 1257 1470 1203 1649 233
596 955 325 1331 1144 1310 1048 104 1548 1469
1405 822 785 1712 1147 1594 129 1106 1478 1592
1319 243 328 1871 925 643 1843 1521 1708 896
858 761 1159 1140 421 497 591 1518 1639 926
736 1638 1048 1086 999 1260 1453 1171 1482 926
676 842 1268 1340 1085 178 44 1050 746 1681
172 1873 1478 615 464 752 1107 186 537 410
1316 1592 705 1876 1149 1564 1558 379 1295 1311
1109 1847 584 1125 1684 1513 734 1229 389 1147
1335 1742 606 900 997 1606 1212 875 460 196
957 598 1361 1484 849 978 391 34 1001 1085
1805 993 109 856 1408 679 1406 1853 1687 387
1168 366 352 1031 609 1730 276 1518 21 1788
1780 1301 701 1753 765 852 249 1034 1308 1714
617 1111 1226 690 25 202 1521 619 422 199
77 436 1133 115 1449 584 251 182 1046 1107
1319 780 1728 17 455 1433 1209 256 1575 1434
629 826 1844 152 1401 1704 1682 891 1279 1008
1879 1179 1102 1738 682 364 1053 152 1115 1471
1874 1458 1499 514 1719 1253 1047 650 1028 13
450 875 92 47 1287 560 676 1063 666 1802
488 1029 1755 959 1615 1630 1430 472 1566 572
193 855 544 47 1824 1090 1614 1781 178 1021
1446 1736 1641 1216 326 445 556 1671 548 1240
1275 40 977 308 519 840 1476 1345 565 508
1841 739 352 734 1396 437 53 1835 1130 467
702 61 1026 1075 1362 920 1295 325 1105 1415
583 1653 16 1609 4 703 765 706 663 1845
926 33 1536 123 963 976 918 1889 1255 187
1308 235 178 294 729 1333 1039 144 1186 1766
858 446 692 106 930 573 979 1417 627 1078
5 786 3 240 327 184 383 662 1537 1046
294 1177 1242 1694 1130 1243 885 510 1331 1228
874 1604 584 1111 1785 9 451 618 709 838
809 1471 1082 232 1878 217 1374 637 1508 1631
50 115 1206 537 608 78 590 888 1227 604
566 660 395 1320 689 122 80 843 1612 1202
1724 767 1093 243 517 1350 1239 961 712 562
1810 622 195 435 1008 776 737 1431 1386 283
540 456 245 1725 1588 146 429 1043 1759 1437
699 1482 1347 599 1454 541 1554 287 3 528
1443 1332 1226 789 268 1263 824 1691 1356 1369
1314 1832 188 609 75 1500 431 770 141 838
55 185 1181 280 1547 1495 1127 1060 996 1527
1487 418 1582 1770 1821 1258 1008 100 506 1792
919 939 1709 370 1644 1778 291 1175 1660 760
760 548 963 968 1650 425 1392 855 1334 707
1332 1430 1832 180 1358 811 775 1235 342 846
1033 1059 304 361 160 1567 1632 990 522 1852
81 1858 520 1560 810 1461 1372 2 1470 44
1772 1561 308 698 1847 481 1194 278 1207 775
1863 1625 483 1432 293 1886 977 904 962 271
540 1561 345 1379 1734 1069 1872 732 1076 1713
1010 729 1829 31 1586 828 854 1172 822 1827
8 1620 1250 1419 1625 1521 634 319 1639 1665
712 349 1797 1824 1150 663 727 681 1559 446
172 591 73 1843 1379 680 943 364 609 203
771 1159 1470 1640 300 1096 1596 1257 182 90
1772 279 57 418 58 280 727 68 946 204
803 624 463 1828 1321 536 949 1454 613 1147
1141 881 787 1463 1289 311 401 1822 370 263
1116 288 846 228 969 727 1859 1779 261 596
1320 445 304 1323 1831 271 1786 1157 1889 152
1174 1211 7 1339 748 1419 868 1609 106 1423
1568 761 1856 1169 1650 1539 773 1463 444 1822
950 57 1719 1063 1531 914 1568 1131 731 487
206 403 667 1406 1832 648 112 1891 1288 1861
1866 1387 142 1845 1593 826 836 1422 845 453
1037 1891 415 635 45 1004 223 462 1049 1316
331 1750 258 248 1668 4 758 921 732 1879
200 1228 1666 679 1426 54 350 1565 211 1262
462 390 664 987 1144 867 733 540 3 809
1786 93 329 1511 495 748 209 1641 743 642
1875 354 490 1160 555 1477 1333 1588 218 1371
1264 148 1853 1108 1736 249 666 345 1149 1296
926 1040 1500 245 797 1335 887 1477 1156 326
1136 1414 1264 93 1703 944 1573 1540 1010 1100
704 491 909 405 1501 325 53 796 111 1287
1340 1752 1286 861 271 421 1236 1677 710 1378
661 730 683 474 1353 1745 761 1513 685 1849
1315 952 960 1862 1404 1435 558 1069 137 1266
19 1671 348 678 643 68 1731 1658 1618 412
1444 1630 601 448 494 323 890 546 1462 1782
421 782 1723 1767 106 1583 229 1054 709 1168
417 893 516 797 883 420 1523 1169 1209 1161
1609 197 1343 1232 1765 810 1784 152 1186 1425
1842 1597 513 1393 1579 674 224 476 1621 1819
828 599 482 1138 1518 1287 851 292 915 672
45 563 1289 134 1523 1524 1237 312 98 1406
1067 954 1872 1282 1012 629 1142 213 1889 1455
457 1281 370 1519 1287 1115 1036 1340 125 1261
1364 1876 1826 524 844 1452 1047 1872 1140 769
1270 744 1372 430 1738 1433 717 959 871 1441
284 357 1228 1007 1394 1331 112 259 526 1385
652 1031 1274 199 909 1177 1019 774 1167 1436
1623 445 1374 909 1755 186 1521 1422 542 894
1514 856 979 1443 306 387 751 1250 1765 943
1336 1209 374 1173 1379 701 1455 871 780 1040
329 1801 1774 1506 221 1841 1466 1783 671 903
685 64 85 1238 25 551 472 652 1015 128
1001 937 2 152 935 1691 386 1669 1436 956
144 1858 1010 1800 292 960 487 844 1308 555
1730 471 649 1702 631 1671 1240 111 733 1613
23 1678 539 479 1397 94 901 2 1519 977
83 1371 179 286 1428 1615 540 321 344 872
1548 371 1647 1861 597 1694 1868 1075 890 1580
1133 1115 595 1752 1141 1451 1846 1423 76 1023
963 1243 1659 1009 680 1228 38 1204 355 228
338 576 1515 973 158 1337 200 1739 310 218
1160 726 914 1841 1278 547 673 383 1497 76
324 885 609 153 1447 367 282 350 224 950
962 1118 436 764 1610 879 1291 1113 30 1383
924 1034 705 367 147 1539 731 1598 1446 1003
1200 1147 1874 652 947 1558 1807 589 1856 1167
752 862 1845 730 1778 1573 1003 332 626 561
267 1662 1080 1183 811 10 153 1800 1157 989
986 1005 1227 534 457 1817 1217 1587 981 1281
203 977 1398 1605 558 1583 287 1499 556 554
1270 440 1303 795 1605 1740 1675 525 541 773
635 807 1869 520 618 1013 1027 1435 385 186
300 1307 19 306 364 1286 471 1762 635 65
1587 1559 1883 50 460 437 1812 1492 1284 1650
1452 763 1570 1087 1589 648 1472 535 251 806
1367 93 717 1225 635 1319 145 1800 1632 1539
705 358 1826 424 1395 1382 797 699 728 1009
1480 363 644 966 12 1879 410 1132 1888 340
1209 1811 799 85 77 614 729 361 932 525
420 380 624 1574 1661 769 366 176 125 114
1759 28 87 1256 588 559 1151 56 460 1802
608 1785 1001 575 172 1827 278 206 1716 924
341 1414 176 767 753 983 1692 102 1381 1155
188 1453 1524 1028 617 902 1002 636 815 1750
437 1238 996 956 1057 455 326 1780 404 1258
644 1610 1495 1444 830 1885 137 206 34 679
1767 827 1224 1832 1706 678 1495 1208 1159 1373
244 399 356 626 1136 856 791 1203 1404 1800
1549 266 295 837 874 1308 365 679 351 940
1755 743 1859 1738 222 306 154 1383 221 723
1145 1832 1318 1848 572 135 1572 121 85 1628
884 1631 940 1452 880 1850 1619 1006 532 991
1575 175 903 1087 1688 183 350 42 209 1145
962 887 728 1659 963 908 1142 773 458 945
163 1444 795 769 712 1432 409 1256 995 447
1883 371 915 639 197 1359 1028 1200 72 1717
1360 1143 1129 228 1746 675 171 1510 1078 539
1365 440 1169 1000 569 48 1172 1366 495 1581
196 43 1797 888 977 326 1852 1745 1008 695
957 961 172 1701 888 1632 749 545 1200 1360
1720 241 1613 355 539 548 795 478 1385 1523
1682 1204 1316 246 594 1320 205 1340 320 675
1458 1047 1717 283 53 1881 1705 1467 1122 1712
1462 226 998 1408 792 835 70 782 1329 894
901 1001 556 1450 1076 310 1812 786 1383 1580
1217 1726 1798 1877 364 1142 1737 201 263 1048
1701 78 1890 86 427 172 357 1347 908 664
987 1384 1726 270 264 1421 1260 129 819 1361
1798 970 1823 104 1891 412 1520 435 689 408
1077 487 391 393 691 1155 1359 1445 1842 1860
510 177 1522 986 210 588 957 695 930 1530
514 892 1868 501 1441 448 485 287 1338 920
913 1467 702 328 179 1778 381 1192 1134 488
1433 284 927 1070 1869 724 236 1484 59 1692
1267 1456 1228 858 1018 1195 1531 820 384 22
694 595 1678 718 546 368 519 1081 1769 755
1797 1483 1236 1055 1692 61 506 371 1588 86
1607 1889 1608 1158 645 1177 957 254 1529 1151
1354 923 200 1517 638 808 1713 916 1275 1152
1409 757 634 237 1722 416 930 1402 858 990
318 1464 534 1375 1091 724 217 333 1303 894
1581 481 1456 595 433 434 686 746 982 210
803 876 811 946 500 399 1341 731 1094 710
1627 1061 1662 1771 1295 1791 1588 551 1043 94
1035 758 1219 1476 1648 179 1171 495 1511 1300
438 1566 748 926 1672 1492 868 1286 59 966
1736 361 1792 125 421 1733 1230 840 1863 1503
1349 1605 1387 560 54 1600 1800 1445 1291 116
1338 1823 1317 1856 1476 1617 1670 444 1886 853
1115 292 164 54 504 278 526 1465 728 928
738 334 772 1848 632 1286 799 1387 505 1278
1842 886 1257 708 534 399 494 650 127 1008
849 1648 1879 276 863 198 783 902 1188 687
1867 1854 621 942 22 1150 827 573 252 677
364 1770 602 1042 373 183 1518 1365 381 446
403 204 784 706 237 785 269 852 33 1230
258 831 1035 1666 753 1157 1853 358 1499 962
1012 465 1753 353 1275 189 1751 518 470 378
422 502 601 1370 1478 1744 543 1809 842 1516
1775 145 1522 1380 740 1430 1110 174 214 1167
142 74 768 82 1544 1547 377 1235 283 1099
338 1074 478 1812 495 1657 356 714 511 696
847 507 401 1128 447 1839 565 1658 198 1520
1834 1886 675 16 885 1314 1863 895 1820 175
1297 1204 1803 128 1801 377 1209 1567 92 1423
727 1618 1776 983 626 700 735 786 1833 746
579 1660 118 674 146 517 794 735 106 492
788 585 264 1636 638 919 782 318 2 1704
1262 1033 787 154 725 290 241 215 1879 6
1507 420 716 1052 1413 803 1123 1529 1438 1136
1220 1749 16 154 1771 1308 1019 1480 460 1129
221 1139 755 830 925 764 1494 1164 292 379
1776 1372 865 1068 177 1182 1889 448 910 519
1301 247 288 863 1000 246 420 1129 1341 1220
661 1726 1598 1591 600 172 764 1021 838 1635
994 681 693 638 402 422 226 1743 528 346
1681 693 404 360 237 684 650 1208 784 1751
1815 1157 445 1124 123 889 1733 960 1616 182
528 1805 1786 1336 479 900 273 414 1021 1103
790 1283 903 794 940 32 930 350 1534 1839
1829 1202 1854 1659 746 1194 1872 116 232 1707
880 579 1665 209 658 1360 724 1768 539 1244
275 270 1868 1076 1414 864 1148 1042 402 778
246 1475 625 965 466 893 704 861 247 1720
471 1304 386 1802 40 1110 1688 1239 487 185
1065 1561 1292 964 145 735 549 1511 1490 1397
198 1436 928 717 278 1279 1361 1275 1025 423
1292 1462 1271 1358 622 435 45 264 775 755
159 900 1651 474 453 659 859 282 208 1509
998 889 859 247 68 596 649 156 566 1784
1689 957 1417 968 1313 1608 579 274 1691 33
978 517 1692 213 816 1709 883 1745 1399 664
1504 1015 704 1845 1113 777 1741 1775 417 1588
330 922 1859 1493 1838 1288 1725 1474 1253 1126
1816 109 1618 188 549 1769 1485 800 502 356
68 201 612 1530 464 494 721 927 108 1255
1246 121 1314 973 975 1754 1248 1697 1397 1494
786 983 1339 1244 1703 547 1394 611 195 276
814 1652 273 544 99 988 24 1303 1741 883
1675 1513 294 1460 1291 463 1833 1679 353 1040
540 505 1070 700 55 1672 1498 706 1178 1369
1710 564 962 1061 32 642 1495 431 1558 1600
1378 1435 557 1023 486 333 1187 1449 224 498
745 1010 1756 359 1640 1458 1665 121 1809 179
746 1261 781 913 1294 991 1359 1809 539 1414
75 322 763 1361 136 1285 731 632 1804 979
886 1121 2 1341 635 461 1565 814 1812 557
1465 1042 778 853 1106 1890 483 1414 1556 808
1505 1696 1674 270 1734 21 122 1236 351 812
1531 1743 192 1182 363 1071 640 1798 829 1287
831 417 1880 1889 857 365 1234 614 201 967
697 1016 1166 855 1725 468 1811 1359 519 521
1199 560 1069 290 207 48 371 919 1797 1534
1116 564 555 1580 280 1473 259 1312 1302 1382
132 977 1368 1002 878 928 1015 195 501 1669
1464 741 1451 1319 41 1379 1179 510 1491 539
1341 1850 1486 323 1732 216 307 1577 621 40
814 1295 9 1378 1025 1107 166 1438 408 1240
1067 477 1223 1485 1457 344 1012 433 382 122
449 471 647 1218 1346 1760 1348 583 1698 1391
17 1355 793 247 187 132 359 1154 1681 1358
945 398 666 1828 937 177 969 377 1878 691
1079 148 940 1165 171 1659 192 1021 697 1062
779 1562 1584 980 805 1070 606 403 1643 191
554 457 857 930 1446 601 572 1378 725 1589
1514 93 1606 797 1677 370 91 331 1065 1305
489 380 629 408 1019 158 50 1806 1098 667
1067 769 966 1752 1258 1694 1125 786 641 325
25 603 757 1579 1691 915 433 351 1295 1790
283 1286 848 664 920 1741 299 821 381 795
1583 254 685 997 165 14 1741 1012 77 278
1537 1549 1041 226 515 183 39 513 131 387
173 1311 1415 1542 802 915 95 1861 362 951
1604 1605 1370 185 1342 1195 581 473 1062 26
1061 1510 330 1555 1035 1774 1059 1268 1648 1852
1404 1412 1070 734 1734 1742 1339 1817 1474 1613
1226 1612 1446 1154 718 1047 520 916 1539 175
611 582 1520 1514 682 544 928 362 333 975
574 1101 352 384 1280 1831 218 229 611 400
1054 617 132 306 1259 1345 1190 1796 524 1813
1522 942 1495 1469 1703 777 302 1732 1607 1750
370 397 283 1616 118 647 683 717 773 627
729 372 634 705 481 1304 466 215 1268 473
590 893 116 670 1709 221 1234 1480 699 581
1712 636 1072 689 189 231 474 529 894 101
1017 65 1807 42 464 330 479 1653 1151 1890
48 626 1335 1433 1105 1314 1101 1324 193 1440
309 436 532 614 383 1087 289 759 743 1094
463 289 1548 291 1405 265 237 458 650 1686
1529 48 978 989 1425 548 348 689 1847 386
92 847 748 841 329 851 1755 670 1059 39
121 500 1316 97 1859 1490 461 168 1136 1261
1348 355 1397 1507 450 1290 1115 1627 1059 1212
192 806 905 1456 1816 1285 1638 1517 1481 509
248 1040 1342 160 1289 364 1561 441 1511 33
768 1328 259 1650 1215 1643 1494 710 1791 302
725 1672 289 443 1464 1139 918 657 1193 1448
479 640 1748 47 608 379 872 1462 515 1493
1259 24 1436 1277 909 603 1192 1852 786 1003
314 324 1613 1801 234 1779 1610 1396 274 332
469 84 341 883 554 979 353 1464 1614 721
341 1653 440 555 475 417 488 856 418 1682
96 986 369 973 1197 408 183 566 90 728
636 48 137 1619 661 1650 559 1382 782 576
16 1451 257 800 1544 253 226 392 1674 1740
450 918 157 236 721 542 1472 50 1105 664
1407 1435 618 400 1109 1504 505 856 809 874
1088 132 456 773 192 975 596 1480 1377 754
1785 1465 942 1825 140 513 761 1266 64 955
273 59 1562 365 1160 189 869 379 1712 939
165 1629 1469 448 384 316 1571 1014 568 621
115 1057 1430 97 39 1431 1729 233 487 1297
853 857 502 1518 348 1384 1567 1319 534 1107
342 454 897 241 538 879 1350 1317 1360 1423
1237 584 19 1135 379 898 1393 1172 1807 1494
1680 996 536 799 1394 689 1774 707 271 140
1317 814 1584 129 863 1322 416 1692 1380 392
379 952 543 311 1005 1267 1277 889 1364 1624
673 686 1385 1090 585 508 1243 1393 1752 523
437 632 455 896 503 475 1817 253 1736 1096
1190 51 1006 1589 1168 224 624 105 69 935
269 621 1656 1612 841 512 1599 694 1413 1367
1239 622 1086 1752 534 466 993 1208 1781 360
460 357 1816 1383 1200 280 823 783 1311 1538
257 42 1670 335 459 1713 723 886 1530 436
364 874 718 1164 1704 1355 962 1094 1390 1286
841 920 201 295 1823 854 1854 1696 610 410
749 532 1127 1708 1112 1063 190 1181 1428 530
656 878 1488 156 1269 313 157 969 707 1735
1019 483 784 1434 1232 1342 1230 1114 1124 35
1744 902 1189 1675 688 1073 562 992 1046 1499
349 1507 1425 775 781 591 553 296 1649 456
882 5 553 1716 1725 1076 1250 690 1580 801
1169 1470 1619 24 1494 382 1341 982 1775 716
474 1851 1517 1668 1544 1401 1270 108 603 1530
1850 438 59 1023 1364 909 1376 1477 1486 1246
390 752 1751 1881 1816 1511 1521 1825 1638 192
1316 594 115 1044 906 1633 730 1870 204 670
603 835 368 964 242 275 1210 1533 1360 1840
346 1725 101 645 448 765 267 975 1130 227
558 468 1298 831 1857 973 1088 109 719 196
724 1519 909 715 1070 1438 1213 110 177 1773
1483 10 1469 803 185 1157 97 1099 730 464
82 1851 1723 1265 1173 21 196 1572 591 967
488 1733 645 25 1457 1715 1406 145 1273 1022
1265 764 1066 103 1514 1095 292 803 1795 701
650 450 251 1776 1732 1051 1838 559 1097 1621
938 268 1891 1560 1009 1314 788 269 524 1737
1063 1861 1609 342 1583 1627 878 1347 797 1311
1354 192 1684 922 1550 1825 444 370 1455 1434
780 549 1618 398 528 1716 394 1253 1879 260
708 384 1008 124 1579 1219 977 179 553 385
479 107 1776 1631 677 1436 258 721 720 691
1513 478 310 514 1567 1133 348 1521 145 1130
280 10 1802 1021 459 462 1382 458 663 432
1059 1769 1192 1616 1527 1456 1613 1534 1745 1779
1265 1401 1372 280 296 1246 983 608 1400 594
908 1084 144 1012 1040 155 1283 766 1844 1790
846 1548 327 1223 694 361 523 1025 556 1426
534 1799 701 1639 1239 981 1105 324 466 251
1407 615 470 16 1689 1848 75 1267 1820 260
1432 1361 1611 1257 477 577 771 223 530 748
573 317 1066 1320 1234 1201 1531 505 1002 395
525 158 899 362 1453 691 938 437 998 1276
1033 1577 546 1051 559 209 1040 888 369 674
695 1106 764 1549 1849 433 1694 760 351 1623
1336 60 363 585 1502 1289 1408 938 1112 1800
1770 1614 499 456 845 1787 1553 1840 807 1675
478 422 620 864 683 1637 1448 194 790 824
1501 379 217 1553 1349 228 294 1579 734 1783
1090 1783 1297 353 1492 436 1420 1051 1049 1538
1634 323 396 585 1606 476 1475 318 1842 842
1248 796 838 187 908 1627 125 1808 126 1041
669 1718 618 610 1200 104 43 1422 1430 564
1775 1270 927 103 1037 548 306 62 1126 1664
98 1864 94 165 1380 16 1623 1133 414 1303
1231 1542 1116 1162 517 1787 342 420 1150 1336
242 1488 1757 705 221 462 223 635 532 515
1440 667 1535 1780 144 191 1852 1241 1148 1164
100 1408 909 1505 1834 1485 1194 1756 170 535
1235 1203 1209 321 551 1269 1466 1462 1819 1116
1476 1603 1765 967 487 1253 619 484 1882 60
1386 406 1113 1775 1499 1532 436 852 1214 482
866 883 497 809 1368 1874 1694 300 178 714
959 570 1461 545 735 873 571 1521 1811 362
1544 481 1531 1015 1802 941 728 636 167 1239
370 1300 915 358 1724 81 1528 870 1045 815
1771 1682 898 760 598 1469 588 1173 1046 1658
615 157 1404 960 1561 34 1502 146 1511 604
1301 538 1808 1443 1157 431 1090 609 1744 993
1844 1150 1472 1160 1386 1722 1432 1128 1037 44
370 248 1884 633 487 808 311 234 177 139
1800 1698 1548 4 18 1643 902 795 1294 1149
1284 1805 1203 973 941 308 903 763 1575 206
849 530 1099 1277 1521 496 1272 916 63 1578
1050 1379 668 288 128 416 129 1101 1233 1589
1056 47 865 1432 117 1037 857 777 612 782
1165 631 1583 823 1554 909 1025 306 1104 1324
588 1494 760 1022 718 695 1584 636 19 1838
803 584 1566 801 1083 294 609 382 932 1489
448 1025 1410 282 328 1151 1795 859 1114 452
223 145 1882 4 455 1685 773 15 98 938
900 868 737 196 716 98 558 150 1318 492
230 348 1241 354 578 268 757 314 1598 378
1399 734 182 259 1628 943 1285 591 278 1220
1718 1321 690 98 217 1103 1258 1356 557 1107
389 1115 595 213 220 1630 1234 1579 383 755
293 182 1485 1383 424 161 801 1136 291 1841
1195 669 1088 666 1189 845 1 412 237 1640
1327 834 530 299 1705 669 1049 261 1645 875
562 1438 1062 1529 727 835 874 517 1755 1174
1882 428 181 652 1447 1433 467 648 1699 1314
295 1224 1371 1818 1035 322 1066 992 1079 1439
1219 62 108 1169 1553 450 593 1276 900 161
183 449 1597 1225 1686 108 1376 1176 1582 1642
344 940 1757 982 1844 1840 952 995 1023 818
436 1845 1471 1084 370 1400 1128 1662 1058 1719
825 1530 446 226 490 339 264 718 299 1650
849 1798 1354 737 79 234 1692 1016 1029 900
1062 1500 1357 749 880 1290 1286 1239 1184 465
835 1336 1585 1220 1738 751 1344 361 878 309
83 456 638 1150 1600 716 1366 1813 279 733
1424 416 1077 862 1145 767 1116 72 450 590
1437 3 886 683 822 1363 67 445 571 241
49 1728 462 1657 588 1776 586 1020 406 499
1187 1049 773 914 1704 224 1151 144 1258 1143
1318 1105 760 259 1493 1638 1605 1475 539 1536
642 1159 1839 273 697 1754 696 1517 210 1635
1809 1034 1155 593 1044 1541 254 228 255 476
550 1649 1510 157 82 269 760 617 849 347
1231 1007 1314 553 1626 1888 1600 1579 79 1838
1052 640 61 982 1087 1781 24 468 1703 1356
1370 1368 182 544 1178 1185 459 387 1498 48
677 1252 1717 566 118 545 1281 958 252 396
353 822 1437 515 954 1126 727 589 182 1357
349 1467 353 1545 1215 1267 387 236 544 186
1277 1363 1210 796 1140 1236 887 694 1075 702
1594 94 1078 282 594 593 192 1095 1468 883
1754 226 168 141 612 477 1438 449 1794 528
727 1066 1040 650 1013 729 870 297 205 1802
925 159 634 1874 1346 1846 1630 977 1453 1035
104 1298 1734 1180 637 747 1231 965 1247 70
1873 1543 742 379 1679 458 1526 568 798 788
833 909 1377 1735 1260 863 1232 1737 1439 1733
927 1548 901 610 327 841 309 165 1070 703
1820 1072 1234 1591 549 643 530 1101 766 1055
1855 653 271 1773 968 1545 1695 1422 1222 1751
1397 1250 1746 606 469 565 1821 858 1469 1349
1287 1549 1749 1437 676 224 156 901 759 1731
356 1149 1248 1197 399 649 233 1262 928 227
1443 1708 1746 1343 68 592 175 297 128 1561
897 312 1736 1743 285 1551 1171 779 637 733
1802 1752 1021 1362 957 1699 730 294 1481 1123
931 303 898 1262 318 756 1140 1640 1302 594
1242 346 1432 1590 736 203 1241 970 705 722
1393 3 573 479 1846 64 1504 136 1152 1858
37 1176 956 1099 114 1573 453 275 1791 140
1593 578 215 1262 6 614 141 474 1560 380
779 1674 749 642 549 837 86 480 1318 588
1572 1259 1038 1476 112 1549 566 804 1684 375
1849 103 839 627 301 521 1112 1091 198 1431
1028 1815 1391 1020 1004 1188 633 1793 1697 632
845 523 380 252 1607 540 1008 1257 1272 897
768 48 898 177 171 1123 788 1802 1122 899
1640 328 819 1245 638 1469 1457 1452 846 895
1448 1358 1644 520 1105 725 753 297 107 496
397 20 214 797 166 1349 1003 1072 503 1558
1865 931 1079 172 1325 1340 249 807 390 1687
559 1144 1266 560 1822 1557 133 755 1350 592
1528 115 1555 1460 692 462 1623 276 1527 1355
1153 492 1063 0 1860 1104 194 1392 1671 150
356 316 845 713 213 725 1126 992 1257 1406
1772 1512 595 1591 1632 1113 1891 1625 1603 1754
1420 617 707 858 153 1732 229 572 1416 800
1444 1288 284 1670 314 475 556 627 351 947
139 19 1091 1786 1538 1732 195 636 1814 1558
122 967 1108 736 1739 604 404 948 1480 451
878 1379 392 744 293 39 954 1086 1825 545
830 1032 1150 1783 264 1713 682 1454 280 663
756 1601 1754 1058 570 1068 453 21 383 731
376 1794 1048 1125 174 633 1780 433 1428 842
1611 464 1057 1575 856 1619 1481 825 1554 565
36 382 680 1829 957 1077 1217 1836 316 1782
1524 331 843 61 1851 1507 860 1255 72 669
1456 1168 983 462 1351 1727 1412 413 1314 850
1067 1708 1689 1609 763 31 1014 1396 597 1182
1557 519 911 1075 622 721 904 1660 1426 1023
579 797 1304 1152 1607 661 1219 903 1730 639
970 400 233 221 128 1385 1127 977 1217 180
134 1036 1071 768 716 837 1046 410 1682 695
564 143 946 34 1476 533 297 1138 718 100
101 307 501 587 686 5 1538 1073 1753 709
1817 1752 315 1346 448 807 1660 775 748 1586
298 58 1746 1426 1852 1210 604 688 149 1617
1156 75 881 148 1464 1882 702 1543 1038 390
857 1813 473 1199 636 1664 83 374 1048 1182
1595 965 1833 1726 577 1027 987 1514 1428 1761
1365 923 420 763 1482 107 1609 1756 276 1359
139 851 510 1585 1606 727 1085 1539 1437 303
932 1364 614 972 1127 1021 135 400 151 1799
53 326 784 696 232 585 566 1414 364 1326
585 1120 760 796 887 483 771 1265 816 1881
219 1228 850 289 1678 823 644 126 436 125
117 61 885 34 205 1040 1711 1371 645 1873
1849 1680 1780 35 951 1040 1644 948 288 1616
564 1254 1713 1629 1191 334 1304 59 1387 1381
1691 264 1521 1307 737 792 146 1674 1223 480
197 773 1705 1803 1521 1595 1649 620 1730 86
1419 557 161 366 734 78 1641 1316 249 987
1778 915 428 1257 1691 1242 1732 791 214 1022
1222 402 186 1608 1414 1641 1877 1179 350 216
683 818 302 1726 333 762 393 188 1737 1766
1748 824 1123 901 792 211 1248 212 485 1337
102 501 607 79 1227 1049 120 1629 1190 1239
95 94 796 1152 347 356 1475 333 702 893
747 106 1042 885 415 1165 800 295 222 501
426 573 1378 312 914 998 1311 215 862 1704
18 917 1236 141 1065 1601 926 1043 496 247
1108 1002 895 1717 767 196 1088 705 1253 1144
319 718 797 1185 1659 1516 70 1702 452 244
601 1535 1673 641 870 852 822 1488 84 1567
609 1552 289 52 1123 847 1876 1884 328 496
1490 1617 1261 1855 1224 1853 1693 1020 409 149
1193 717 1749 569 1057 887 663 1878 90 828
1657 84 75 357 1096 1784 1836 1731 1366 916
1776 537 671 1150 138 771 1621 867 1811 913
838 980 360 23 1168 1693 1137 1749 1689 572
339 1098 1530 959 1406 93 637 855 229 1591
879 424 1408 389 793 1796 1432 1336 464 1597
1138 524 671 1758 805 1710 1081 203 170 1742
1190 1473 677 1088 1063 967 1546 1044 618 559
1260 963 1126 1107 1381 886 1590 1588 1426 112
1590 1689 386 476 616 1044 384 1060 1880 741
926 379 1163 425 1794 163 78 1614 1554 1235
1735 1786 1581 1425 1523 292 723 423 1305 1834
342 504 1813 1583 1036 804 1585 144 1383 16
1611 1537 560 12 36 1242 1549 1595 1757 339
1709 852 1156 1667 616 1298 114 389 1234 686
1523 316 1122 1670 486 1680 1423 793 20 652
514 311 896 223 749 335 1448 531 1779 936
764 1185 503 918 769 867 719 50 743 125
1879 471 1059 1555 236 1530 134 155 1721 1784
1618 240 1862 1165 1228 447 1697 574 946 391
27 1427 1720 235 644 345 1797 159 891 401
444 1036 662 122 675 1385 364 1751 1644 20
1852 1695 59 144 1077 824 1122 1373 722 1156
954 621 1264 1115 304 647 1498 1373 365 1200
121 722 696 640 1791 1450 1188 1519 837 1268
634 1594 1851 346 82 681 289 898 238 1236
1391 769 1323 808 869 664 343 335 377 1319
153 442 1875 253 983 740 986 1774 839 1792
600 146 388 1191 1384 1597 890 314 150 374
931 1631 997 1648 894 1215 1599 765 64 405
609 1852 1268 479 208 550 551 378 283 1672
1447 1593 424 1850 101 1580 617 370 275 614
1 1671 720 1415 775 737 1267 56 361 410
705 1679 875 674 1377 1327 1756 438 1428 1049
481 1539 1565 448 709 1176 569 541 1559 336
1021 688 978 1486 660 600 311 1811 33 40
592 1582 625 746 874 700 1804 261 523 459
1233 1812 301 1482 1693 1133 722 1851 1885 252
1261 88 1269 725 921 1578 1350 1727 0 1651
648 1817 1847 1571 1460 1524 1438 28 1865 202
1155 1160 1006 462 1566 1574 1065 662 1783 18
1316 583 1870 278 903 1757 1196 1388 1862 1243
1392 1042 1127 713 940 540 1131 465 230 1313
705 1378 1437 293 626 1504 811 1820 694 1600
1222 710 325 183 1167 365 1180 1239 790 1019
526 62 1292 855 94 953 432 812 1747 1787
1618 1185 1525 1170 227 1281 1304 1468 1818 568
1686 881 1309 363 768 1819 178 901 1781 1453
430 911 1528 1438 606 1485 954 933 1834 1191
878 152 863 1702 1114 836 65 918 1535 188
692 362 1852 72 128 1837 1384 12 1251 737
109 1036 1631 808 1281 665 480 696 1740 6
1360 1163 1876 902 113 1541 1595 1204 728 9
182 1028 1251 621 301 829 874 1213 1319 1725
1885 1469 931 999 400 456 254 1604 1493 610
1246 1809 1331 658 1216 1474 585 1067 944 1866
1040 1716 1841 1821 1269 1457 72 42 935 86
1515 112 1610 394 1095 1840 445 348 375 975
1746 977 1012 1140 100 1313 529 1506 659 179
1071 1148 99 520 1391 793 1731 837 1430 990
196 199 895 667 1087 940 58 1678 206 1290
929 1517 1148 798 1493 1743 1310 15 586 1263
1098 1446 789 1056 1183 1359 1851 384 16 321
468 1604 752 1703 484 276 441 1043 1596 1279
421 341 1667 1289 853 207 89 780 910 1637
833 24 1192 507 1036 860 884 731 77 472
1455 604 1889 900 1016 1303 624 1825 1318 1877
400 505 1052 1034 1107 499 1286 1520 337 874
829 321 1635 1881 1694 282 357 147 582 515
694 1671 1051 1849 1302 1640 922 1096 290 1738
992 10 938 1113 1303 25 123 1425 928 576
1398 1195 697 1813 1116 814 1317 1877 732 1017
1627 1470 1819 1001 1315 216 1855 1088 190 1838
1290 1045 1867 1624 1494 838 1534 1495 142 1148
1804 1585 603 429 165 1345 227 1238 834 503
1490 554 158 1174 475 300 52 1392 436 1203
909 1840 1803 502 1496 979 177 1139 1561 932
1192 1082 552 607 1674 1292 1404 1608 1771 95
1326 191 986 1064 1643 1096 790 1247 1435 1149
229 585 1107 36 389 885 427 718 1580 627
904 388 146 808 179 1692 706 1836 1378 831
876 1005 967 318 962 1412 712 1768 1698 469
411 1133 376 978 1526 203 400 1523 771 1737
1008 1715 239 421 1601 183 1748 81 1755 643
6 843 455 1092 568 1454 110 1108 1006 1560
1589 315 254 1486 831 96 1774 1425 969 1140
983 1777 1883 399 1419 346 457 883 21 1028
262 1163 1027 398 335 1460 1207 1453 1764 28
1475 1550 264 1423 501 835 1305 1646 872 546
1841 692 1359 1540 221 450 1440 593 1045 566
794 1604 936 307 893 1115 1403 765 1151 560
752 1156 542 1312 792 324 1885 671 735 1225
431 1017 1546 1074 39 1538 77 207 607 1005
547 375 1702 563 1413 737 1814 1477 86 1387
581 1497 1441 565 1799 1297 1492 1771 1368 1400
1882 1434 1212 413 1611 1098 1408 1557 1456 368
1496 884 1070 746 612 1669 566 1545 87 319
545 674 809 1719 1567 680 1836 1197 1715 1543
687 144 1012 1058 533 310 387 1199 1258 883
896 1546 1211 1702 711 1883 514 782 1007 1228
1316 709 1819 1717 206 1484 1743 1362 665 1881
300 1276 1451 1628 1241 1376 560 976 1201 1226
1315 493 1456 1078 1477 99 236 1734 466 422
1478 335 399 1354 1091 58 1567 10 653 1579
1085 871 923 1380 1817 670 771 120 113 1544
597 198 748 76 1197 125 71 644 960 1728
1850 732 849 1195 1269 461 1857 499 276 1103
1103 32 112 969 823 81 1687 267 778 1255
694 1747 698 1379 891 607 904 125 385 1659
1002 1284 571 1577 1632 1663 258 1609 935 1264
1668 578 870 1837 1743 894 1524 1864 1367 308
795 512 1718 1537 1515 310 1431 256 1439 603
843 581 1506 1498 1460 204 167 1615 277 905
