2414
118
663
968
118332
4299
9764
4603
2397
9016
166
1653
3500
1444
1755
6550
3212
1449
452
1971
6
33
8
11997
595
27936
230
15
359
2953
149
2689
11272
25
728
165
198
42
550
7312
8066
3319
17
282
60
25
3808
243
9522
103
363
37
1323
99
156
1385
2153
543
27
2429
7
5
2071
13250
188
52
5475
105
110
51
1033
5
5
933
590
16
211
79
1231
4
323
194
106
17
126
681
61
195882
129
2
3
118
19759
177
65
72
5
145
1503
229
808
2
60
4
967
16
355988
3896
12
1070
677
64
465
219
1422
409
38
246
26123
2715
314
2943
837
732
3621
10677
203
246773
189
6152
38
53
13603
251
2161
181
163
102120
1493
1463
49
5785
1867
1306
1043
284
5345
2
1186
12
3
62
25
4655
5
1
9
89
2463
2417
1101
196
146
108
80
1620
2
86
18
25
2
37544
32
23
4807
1
178
205
92
15688
8
4613
81
6453
16
1513
1211
29702
12286
4455
2
24
1534
89094
149
5731
790
112
620
1371
154
1760
12
577
187
1220
4918
375
5049
546
172
3
203
12434
4680
365
119
7
216
122
417
865
1
215
1015
374
19
140
42
1220
5109
831
242
348
134
2562
95
2
47
268
176
273
210
7
15
314
12
28
200
148
833
84
106
13
1019
544
12
30
2320
195
738
17110
156
894
427
794
4
149
43
1301
17
6
7
1683
104
21
7
1
86
217
111
4
52
52
1
47
5
32
3
35
798
1
1210
3
4
7
101
4
71497
397
70
1118
19
701
46
17125
692
1073
2593
2017
1120
6
35
7100
523
214
814
45
877
147
559
81
148
5746
46
6127
1572
564
1
55
28
935
3681
1263
660
1214
40
266
161
1
881
892
4
4
3
139
511
33
26
77
730
20
114
60
22
10
1081
273
6
248
797
1
220
653
14
194
22
25
790
1053
7
4
3
9758
483
1
2
136
10969
2
159
1247
6
533
47
39
19
307
254
5
1295
1557
2
89
11
209
5
9
259
15
429
289
79
10
2144
1519
396
58
1655
9573
215
223
1506
62
200
6931
1
5
274
76
124
2163
150
122
397
83
37
21
2
139
9
47
999
472
52
298
387
28
22
73
1146
32
15
19
12
1
1
6
1976
1007
17
11
970
412
68
441
12
2423
6489
415
418
993
708
16
2
63
707
199
56
58
3
1627
151
5
2
14
90
389
327
1773
269
506
4
7
539
502
371
39
314
276
126
11
120
5
221
72
232
4
44
33
1
1
88
202
2
73
1
44
2
494
4715
4
1
27
2
2
5
522
44
86
14
42
182320
686
104
1174
219
707
13
665
17
1
44
11045
371
156
445
6
125
3
657
205
136
13
1171
45390
3
72
18
78
3145
6
6
3
218
1
8
185
1068
65
4070
535
14
13
532
85
722
347
3
37
9
489
14
23
48
417
10
5
1
26
5
23
6
57
3
8
122
122
16
7
4
3
5
1
1
27
1164
37
1
34
22
1
1
3289
91
79
5
14
2
54
878
8062
650
105
290
5876
502
90
201
7
1
377
795
414
257
1113
6
1078
607
20
21
2
6
177
77
15
1130
50
7
986
370
10
167
1
3
765
26
27
266
38
17
45
6
1
2
11
1
2
78
11
2
1
70
1
1
2
3
812
3
36
66
8
32
8
76
1
1
10
2
3
24
10
766
5
849
311
6
25314
1
374
11
403
238
71
440
768
9
50
1518
148
146
104
178
8
2
2
2
103
18
690
8
1422
7
188
4
149
5
13
1
128
151
66
20
3
133
2
374
1
12
168
83
26
8
1
74
18
1
168
19
26973
4
4
4
5
876
1731
371
42714
61
797
340
127
230
21
1084
25
80
109
25
11
256567
17
895
2
3
81
1
178
1
40
4
383
2
7
937
59
164
128
1
2
16
573
9
33
6
23
27
1
4
2
52
1
4
143
17
123
2
25
88
1
34
1
1
37
80
145
1121
335
362
679
20
639
1
18
4
71
397
65
8
5
2
8
3
17
1
14
109
137
1223
11
21
65
2
1
222
102
526
1
8
116
14
3
40
45
856
2
238
8
1
104
3
1
160
64
4
61
1
701
1156
774
1224
7
108
6
6
14
16
2
2
4
3
6
1
161
4
26
236
8
1
18
1
1
2
14
1
9
1
17
12
257
134
213
184
6
4
1
204
64
3
4
175
265
433
2
1
81
52
3
17
11
318
15
5
33
80
3
10
1
104
10
24
12
2
4
103
8
70
2206
211
23
1
749
512
3
21
10
13
12
81
2
5
1
13
562
30
3
7
1
184
6
2
3
128
1
51
8
1
1
1
12
23
1
6
203
2
2150
2776
1
153
2849
3
6
2
1
213
1
16
6
2
8
14
1
73
1
2
5
51
2
1
42
4
10
17
35
1
1
22
2
12
8
