331
36
130
4
14
28
1
131
1
0
0
12
289
0
1
2
3
0
0
0
897708
32
16
12
13
15
10
0
276
5
191
0
0
0
267
0
575
0
9
0
202
0
21
1
0
3
2705
0
0
0
0
18
35442
24
0
2219
1092
4
0
2
1655
0
0
0
2023
1
455
55
0
0
11
0
0
374551
0
10
283
1
0
0
13
0
101
36
212
1428
529
0
139
22281
0
589
1261
0
77
18
6
3770
0
36
6
0
0
10
13
5
31
0
0
0
275
115
0
14
0
1
1214
158
0
140
596
0
238
25
15
355
27
0
11
3
33
8
2204
10
3180
218
20
0
66
0
5760
140
314
2375
0
0
0
3
137
309
129
58
0
3
0
0
0
0
72
272135
25
6
4
10507
743
0
0
5769
1165
449
0
0
1
3049
0
16271
253
0
0
0
1
0
2
0
0
0
1
21474
0
3167
0
0
0
855
209
4988
39
0
28
0
0
17
4
0
13
49144
172441
1
532
2064
2
178
10
0
34
1
24
10
0
19
26
193
33
0
0
189
0
212
0
2875
0
47
0
2805
0
306
0
0
8
17
0
44
0
30
3
1467
0
1223
0
0
0
0
11
0
278
62
0
0
1
73
132
83
21
0
46
5
0
0
195
0
181
0
0
0
16
1
1
1
74
0
0
0
2
0
4753
110
6108
103
5
6
26
7
5
1
5
41
425
2
2
0
4
104
4
476
9
301
1812
6
0
455
0
20
4
18413
2
289
34
0
215
645
5
0
0
9
1
0
0
421
107
0
73
26
1
0
222
29
47
1084
11
0
2
171
325
0
157
422
0
985
0
12134
0
0
0
0
294
21
21
227
1706
0
1
98
1
0
0
15
11
66
25
0
0
858
0
0
9
0
0
0
1
0
0
6520
167
323
36
12
0
22
26
35
38
2
209
26
1480
0
68
11
36
6
16
18
0
0
699
2
0
96
0
0
1051
0
39
0
125182
41
5
55
0
0
0
0
0
0
1135
0
3
0
16
5
49829
28
3
2
1691
129
0
27
267
0
59
43
5
2573
1
311
7298
68
32
160
0
13
0
3997
14
5
0
0
781
0
10343
0
4
0
8734
0
5
20
0
0
0
0
43477
0
0
448
0
0
16
0
0
0
0
13
73530
0
0
11
63
126
49
19
0
79
7
0
10
163
43
122
8
63
1
171
18873
3
97
40
0
0
0
333
97466
37
413
36
0
140
0
0
2
5
0
3
3
95
85
0
3
24
499
10
277
40
7
84
55
0
31
338
0
1
1337
7
255
0
1
0
0
24
2893
0
0
3
2044
0
1040
3
0
2
136
0
0
0
104
0
266
24
0
117
0
0
0
0
1
114
913
0
167
4
20
0
1
45
0
29
99
43
29
0
0
0
17
14
2
0
111
3
0
0
808
91
0
16
150
9137
0
4
31
8
97
20
17
59
0
11
4
0
79
0
259
1
22
0
8
3
65
0
53
0
1659
12
0
3
1
0
9
3
2
28
251
0
178
0
0
0
2
68
38
708
0
13
1
69
32787
11
24
0
56
202
0
0
78
0
39
2
137
240
0
1706
0
0
0
242
2
2145
0
5
35275
55
48
0
0
3321
1221
91
0
0
1
16
0
17
1
4
1
0
36
10469
3316
0
288
0
0
4
18
3
6
272
12
8
149
4
0
25
2
80
642
5
5
33
2
0
458
14
0
2
1998
268
57
2
15
15
212
0
1
3
37
1855
0
0
14095
0
65
0
1
7
956
2100
0
0
2
52
4
9
0
3
264
12
144
1
0
27
159
12
0
53
52
0
226
0
264
82
4537
0
100
0
471
18
0
0
2700
323
205
142
0
0
1
0
6
165
123
614
1
0
36
436
39
0
0
0
0
0
31
14
0
2
0
4
0
38
0
0
0
1
22
2
4
6
43
133
2
140
30
2
3371
12
3144
0
100
21
75
23
0
366
307
22
164021
12
0
19
0
0
1
126
9950
38
7
0
89
0
120
320
163
785
30
0
9
1
39
14
175
160
2
11
0
567
312
0
89
393
94
0
0
0
1
0
180
3002
0
1
19
0
0
139
0
0
0
0
126
0
0
228
0
15
0
993
5420
11727
69
2
1
7
20
3
22
180
2
3220
0
550
0
7
224
11
62
28
0
11
35
8
8
8
3700
0
0
19
4
7085
2311
0
0
21
28
49
9
1000
51
2
78
992
578
43
1410203
0
1
13
0
29
0
6322
0
2886
58918
7
0
0
71
345
0
117
0
86
0
17
0
56
6
0
9
0
741
0
32
0
18
169
128
2127
0
4639
701
0
0
703
3
0
0
0
989
0
231
0
18
151212
252
0
1
0
2
591
